9008
1 1 0.919558418744694
1 136 -0.001105877995441
1 424 -0.227934190172919
1 704 -0.018821262234459
1 109 -0.042098945405580
1 210 -0.114873535129365
1 300 0.008393053259769
1 79 -0.004158123013878
1 273 -0.064214645059713
1 673 -0.140222285661346
1 303 0.002554457471785
1 502 -0.106967577842241
1 179 0.035678006389808
1 304 -0.115927986307382
1 587 0.051568116933291
1 707 -0.284040364637196
1 146 0.020297423302780
1 75 0.082315317357394
2 2 0.604191352617497
2 27 0.017278667811922
2 277 -0.073155100504254
2 395 -0.064113191425615
2 161 -0.050191791285522
2 593 -0.007187118719974
2 694 -0.112714031973271
2 682 -0.079824331725685
2 410 -0.048437797020615
2 664 -0.111806099559303
2 706 -0.015821275989270
2 688 -0.049149166537583
2 439 -0.009070115688329
3 3 0.553599910366372
3 370 -0.052999763499455
3 392 -0.083666146893036
3 677 -0.042425833354210
3 37 -0.057543405819837
3 296 -0.046058892624901
3 697 0.000511096331604
3 584 -0.036505196018535
3 204 0.023470676977619
3 186 0.017406692021120
3 405 -0.067960422309901
3 537 -0.086208417425330
3 477 -0.085306512616393
3 388 -0.003112323038130
3 166 0.010303157873151
3 270 -0.043504619970138
4 4 0.956313703760185
4 92 -0.023277673644189
4 139 -0.009006357981871
4 678 -0.162577319009051
4 48 0.029145028065299
4 197 -0.067277582606304
4 659 -0.226440258755316
4 75 0.076938960795416
4 176 -0.216679664471818
4 196 -0.016363741540402
4 61 -0.127138742246075
4 67 0.071949964591060
4 676 -0.061998281083224
4 542 -0.092012873730626
4 328 0.043536623389199
4 506 -0.088000052390201
4 107 -0.061513950597719
4 675 0.030266688754334
4 629 -0.055864471298699
5 5 0.684625884550175
5 196 0.080894954049778
5 651 -0.173253720447999
5 676 -0.041354932245991
5 355 -0.085744823148621
5 615 -0.112992879896639
5 586 -0.215983667483088
5 626 0.043641518022871
5 698 -0.085452278881900
5 418 0.045706886538153
5 564 0.005169557143281
5 603 -0.051089589401947
5 709 -0.049058640029656
5 710 -0.098723574972569
5 602 -0.006558173257369
5 28 0.060173479461520
6 6 0.902402545362943
6 109 0.053235772418439
6 271 -0.080367851579994
6 375 -0.239164143713259
6 193 -0.133009175360257
6 92 0.009387649123344
6 430 -0.014077698219646
6 311 -0.165048746346152
6 96 0.025299926461294
6 154 -0.123618878973278
6 168 -0.036749770121139
6 633 0.055303062884362
6 198 -0.046458633033362
6 268 -0.029995631835624
6 645 -0.075803430294689
6 691 -0.120611491272128
6 497 0.019276494499146
7 7 0.684121462401382
7 88 -0.067298418830261
7 274 -0.022659231134943
7 546 -0.042992672725001
7 94 -0.053383214741642
7 235 0.060128394917759
7 551 0.010070310346441
7 403 -0.001642548486252
7 408 -0.032731170590591
7 185 -0.041708568589863
7 594 -0.098059158940366
7 25 -0.002088939883867
7 534 -0.050477213778134
7 181 -0.060737991737569
7 206 -0.041109806721016
7 151 -0.025548397099912
7 578 -0.234314707469275
7 380 0.034739565247036
7 605 -0.009891336957344
7 479 0.023996112634981
7 562 -0.028412467861563
8 8 0.687783423435336
8 14 -0.048394205190308
8 151 -0.023318443211954
8 576 0.007402848852369
8 235 -0.021963534476011
8 578 -0.138412944602941
8 621 -0.058490022734517
8 22 0.031482557222569
8 103 -0.078109798783467
8 125 -0.052102345259572
8 569 -0.093546476024407
8 622 -0.086889804640781
8 141 -0.033453397976358
8 269 0.020712933533978
8 56 -0.002331010223763
8 656 -0.079108813106838
8 628 -0.031260966813335
9 9 0.732072489139117
9 193 -0.092955350485951
9 510 -0.045107694750095
9 561 -0.150375848172784
9 300 -0.045647933806768
9 439 0.014598694391734
9 119 -0.068101975257485
9 577 -0.003600961035279
9 606 -0.133097175037921
9 260 -0.059987752008967
9 544 -0.036325203107198
9 616 0.049404950709616
9 211 -0.079922036541202
9 344 -0.084805782149817
9 497 0.007649869230503
9 184 -0.003798291117504
10 10 0.651244560989378
10 36 0.026997206509754
10 41 -0.016008906092217
10 433 -0.046214985736848
10 283 0.046808549942124
10 319 -0.144213771090117
10 450 -0.080041426042760
10 299 -0.074186124123556
10 323 -0.124677594946633
10 413 -0.169847657124594
10 474 -0.006286818519167
10 217 0.050487464584510
10 665 -0.128103662587687
10 670 0.014043164237812
11 11 0.672176381234069
11 107 -0.017420737153883
11 286 -0.079888790956628
11 357 -0.101892492534221
11 180 -0.057544341807482
11 298 0.016683497779353
11 607 -0.199064247362473
11 63 -0.034296356904877
11 120 -0.011913995440757
11 490 -0.096316873214187
11 492 -0.082056654330061
11 314 0.009982164645419
11 556 0.016169723092908
11 629 0.061032431135291
11 117 0.001236970555527
11 542 -0.096886678737999
12 12 0.562040963745584
12 602 0.004368826616350
12 615 -0.087732158208979
12 641 -0.052198548251446
12 201 0.005176169260981
12 400 -0.114271206829861
12 453 -0.013606162368944
12 28 0.013585208404777
12 99 -0.016556064374358
12 369 -0.087498605966146
12 393 -0.085831059538208
12 401 0.003748747574546
12 512 -0.024535242967107
12 560 -0.109763226093985
12 603 0.015417328019030
12 642 -0.012344969022234
13 13 0.631094789628417
13 516 0.013659678483959
13 596 -0.089589751004327
13 640 -0.096126515141156
13 225 0.018192356624086
13 102 0.029584537736850
13 178 -0.037250229675242
13 349 -0.040364516457168
13 222 0.004330838123879
13 325 -0.104550499969379
13 358 -0.032394354316918
13 428 -0.113843681797545
13 436 0.002781389825471
13 385 -0.093493510225746
13 414 -0.037712638295683
13 129 0.016172477433993
13 365 0.008805336725746
13 701 -0.078063615189955
13 266 -0.027397702407450
13 38 0.026165609898169
14 14 0.853736917125364
14 103 -0.205706089163794
14 151 -0.036390454870281
14 181 0.103065472621731
14 215 -0.319328807752982
14 8 -0.048394205190308
14 576 -0.082295267117740
14 169 -0.076758861268392
14 232 -0.158672056955208
14 269 -0.046910181440754
14 125 0.002637893598417
14 628 -0.059621483160523
15 15 0.718669995087122
15 82 0.057287960348240
15 262 -0.172066080926097
15 282 -0.061367799989966
15 187 -0.015696562656839
15 669 -0.010671063168435
15 47 -0.074080970211546
15 115 0.014248481647654
15 152 -0.070815380996036
15 643 -0.064241132406235
15 646 0.089003915303257
15 647 -0.119914642432534
15 292 -0.122054889388404
15 519 -0.093381123327876
15 571 -0.153642646801997
15 429 0.044735380776343
15 650 0.006958358418673
15 703 0.027028200724677
16 16 0.763121227012506
16 39 -0.057274143552117
16 138 -0.035537509578280
16 461 0.025575653400501
16 40 0.092970773575515
16 167 -0.090827397189621
16 486 -0.206761705215005
16 74 -0.065289079685633
16 253 -0.024805970116894
16 395 -0.012273260238432
16 159 0.000937609152212
16 410 -0.204200051048048
16 95 -0.001487216135341
16 618 0.014803317453145
16 554 0.003627581020447
16 541 -0.021372187561938
16 177 -0.018649861639804
16 614 -0.058180249872062
16 563 -0.104377529781151
17 17 0.697643224201766
17 329 -0.261216760112516
17 246 0.003781640142070
17 342 -0.057694506072027
17 275 -0.004614628415620
17 333 -0.019067884366851
17 327 -0.072300794872607
17 379 -0.039636266272779
17 404 -0.013139161857533
17 52 0.002718576493110
17 434 -0.102515722238214
17 455 -0.041037892019691
17 30 -0.175201935974417
18 18 0.815666457561126
18 58 0.002973084056620
18 66 -0.154606201508606
18 344 -0.063951808612946
18 64 0.000538434089807
18 76 -0.040837914941162
18 144 -0.091079645377297
18 56 -0.110497471552563
18 125 -0.012086886083044
18 271 -0.055251222501622
18 497 -0.144748664311387
18 680 -0.165536503923873
18 656 -0.008344354510391
18 184 0.021435017201406
18 606 -0.004913005783872
18 657 0.011240686197803
19 19 0.489491242686986
19 330 -0.006888944337641
19 445 -0.046032622023886
19 708 -0.055699322827631
19 142 -0.036417207592155
19 213 -0.092412286889216
19 164 0.036096328395372
19 289 -0.020354617669540
19 239 -0.045817882774883
19 437 -0.100375923804252
19 453 -0.073954355244014
19 617 0.044544783076728
19 37 -0.049944442382929
19 205 -0.042234748612940
20 20 0.676766258685925
20 59 -0.045755108135672
20 119 -0.083486578455454
20 524 -0.097516216448151
20 42 -0.071854591717323
20 428 0.013978396576279
20 83 -0.020540067619813
20 530 0.015007514766511
20 574 -0.060653560224701
20 577 -0.111295946927263
20 326 -0.032641360081029
20 655 -0.091454683881780
20 170 -0.031968630765761
20 38 0.015799764881558
20 510 0.059259597254835
20 606 -0.133644787908161
21 21 0.602233307266004
21 298 -0.040497021463954
21 316 -0.048062028426852
21 607 -0.088530776553334
21 107 -0.019763968751246
21 250 -0.057210364950132
21 659 -0.100635072817936
21 731 0.057858403303133
21 735 -0.108596580778106
21 123 -0.085935405153713
21 743 0.036531236655284
21 744 -0.085080605007026
21 629 -0.062311123322121
22 22 0.763643557227153
22 80 -0.028446044641921
22 103 -0.084721959271678
22 141 -0.086040259880735
22 181 0.069666606057149
22 206 -0.126910113368949
22 8 0.031482557222569
22 235 -0.086523120086572
22 578 -0.077323140199494
22 191 -0.121783662346786
22 34 0.007613789129229
22 45 -0.005393829585372
22 96 0.027304378317883
22 212 -0.080723270930725
22 604 -0.111679092205526
22 551 -0.090166395436226
23 23 0.527370022674831
23 161 -0.004604328033653
23 290 -0.014492409703795
23 699 -0.092458355647045
23 682 -0.042609795542041
23 482 -0.050585750062839
23 711 0.030897246359349
23 672 0.002763411934606
23 687 -0.006242737871825
23 593 0.011480684646287
23 639 -0.122561538001642
23 664 -0.026505464576918
23 507 -0.011520264698159
23 558 -0.053876500164162
23 690 -0.076417782985251
23 426 -0.007743658340136
23 662 -0.062892779987607
24 24 0.675763568302340
24 75 0.039019503709952
24 707 0.024176296785585
24 735 -0.108733832214006
24 731 -0.033854326148901
24 737 -0.085362109928707
24 498 -0.121389927846670
24 53 0.016584993464545
24 736 -0.074161896120821
24 300 -0.052874664547608
24 730 -0.112591537297433
24 211 -0.035151166925437
24 439 0.001147218504382
24 725 -0.071908054178150
24 738 -0.072982554549423
24 740 0.012318488990354
25 25 0.678200167537016
25 409 0.016907801475885
25 546 -0.079919723319433
25 598 -0.061834723289540
25 235 0.067381974571020
25 500 -0.163884490581233
25 534 -0.184997942088211
25 469 -0.055070065200489
25 479 -0.033553424957830
25 399 0.047230475682391
25 476 -0.130053218927281
25 128 -0.039221675641980
25 496 -0.036336203874203
25 7 -0.002088939883867
25 88 -0.026023501804940
25 134 0.013118626923479
25 578 -0.009855136620782
26 26 0.572774465885453
26 207 0.020596666472416
26 502 -0.080765745725560
26 649 -0.146524705112467
26 470 -0.051287108993149
26 484 -0.040643083548145
26 501 -0.042328099987866
26 228 0.018855669286880
26 692 -0.024998563725286
26 609 -0.081870223706472
26 705 -0.051871218426371
26 571 0.001495478319339
26 650 -0.076101691929367
26 673 -0.049269437281059
26 79 0.031937598471656
27 27 0.939426436875768
27 2 0.017278667811922
27 277 -0.046197119505022
27 395 -0.100119873453005
27 167 -0.162527271293360
27 322 -0.422347598867767
27 517 -0.103287924519613
27 682 -0.118434240494894
27 174 0.071301050409205
27 132 0.005219670525287
27 406 -0.163047037202957
27 426 -0.067996242548154
27 664 0.004708471436567
27 662 0.023913295158578
28 28 0.884185397772277
28 114 0.049791931592497
28 381 -0.258765679991355
28 586 -0.170922230196386
28 354 -0.115813730100420
28 449 0.051160438847965
28 12 0.013585208404777
28 99 -0.020598282658910
28 369 -0.046539189889998
28 641 -0.151084854379848
28 615 -0.043482814815497
28 651 -0.280707424710524
28 5 0.060173479461520
28 675 0.085752543742087
29 29 0.871773191659834
29 92 -0.013694175175507
29 196 -0.163177029715257
29 678 0.019946860906392
29 171 -0.110701359538398
29 311 -0.122670131632022
29 168 -0.032794616812860
29 633 -0.061298848593671
29 85 -0.067055878412769
29 100 -0.176803524884681
29 130 -0.053243722271422
29 55 -0.005334904298257
29 121 -0.017385815380320
29 369 -0.057337110691338
29 644 -0.006386810706287
29 388 0.085165393269287
29 405 -0.184722370476122
29 651 0.016791490447865
29 675 0.078929362305533
30 30 0.715295081330295
30 81 -0.020488835214742
30 351 -0.061296627573927
30 623 -0.072564758799084
30 434 -0.071202554156832
30 455 -0.046655895290910
30 246 -0.020916726016736
30 329 0.057493395310465
30 332 -0.044482631431143
30 17 -0.175201935974417
30 611 0.001523397959334
30 98 -0.005521552619705
31 31 0.555160488069053
31 127 -0.083608657750116
31 467 0.014092811734889
31 693 -0.094025060079640
31 97 -0.006872540919661
31 183 -0.074614681493684
31 307 0.004841421090619
31 294 -0.013380027696521
31 483 -0.004542229408117
31 558 -0.054962261513575
31 279 -0.001122667457854
31 427 -0.058618348534138
31 253 0.026224173942052
31 426 -0.034176972104186
31 591 -0.097588574331719
31 243 0.010094026241525
31 221 -0.086900899788929
32 32 0.703646313361709
32 313 -0.129023069678925
32 663 0.012934399324834
32 684 -0.096993986616995
32 50 -0.062702031150310
32 106 -0.175071681423691
32 122 -0.052289368677058
32 69 -0.065245051109811
32 356 -0.128051648619834
32 159 -0.001019431974647
32 162 -0.025392949077225
32 86 0.013917851374013
32 264 0.064699827000909
32 278 -0.081452620195606
32 636 -0.026742907773770
32 457 0.048786355236407
33 33 0.631825587759685
33 149 0.014771626300468
33 156 -0.102332007428608
33 328 -0.118649810385739
33 265 -0.024733625430754
33 347 -0.100596151726178
33 350 -0.013957670522290
33 143 -0.096299917151504
33 513 -0.078842965584665
33 150 -0.064673300142098
33 291 -0.093770673909434
33 249 -0.002982581063794
33 54 0.010313551670948
33 357 0.047432226324647
33 465 -0.083160027173953
34 34 0.758007909366874
34 80 0.004915421703491
34 45 -0.059105400350067
34 191 -0.264971794370426
34 242 0.061462864840621
34 133 0.002664033570717
34 212 -0.083064760809358
34 285 -0.156509628644996
34 244 0.025659862162006
34 87 -0.025004105718145
34 22 0.007613789129229
34 320 -0.138455869292909
34 604 -0.047388597837521
35 35 0.847061249083575
35 36 -0.101081939447069
35 101 -0.044921386571280
35 184 -0.150713827290603
35 153 -0.019344118382278
35 251 -0.127554909780041
35 433 -0.030315507284526
35 40 -0.036076842520266
35 174 0.004527013021284
35 277 -0.050769198611400
35 193 -0.137557820821024
35 198 -0.120138422393149
35 497 0.055902667281938
35 268 -0.033163396584208
35 116 -0.027140165127946
35 374 -0.009177499982380
35 440 0.078691622568989
35 510 -0.084163380192538
35 691 -0.045953154843144
35 561 0.031889017876067
36 36 0.983763116469067
36 41 -0.028462615908827
36 251 -0.089344237134447
36 10 0.026997206509754
36 433 -0.265581017024782
36 35 -0.101081939447069
36 101 -0.145683798230918
36 184 0.088235651939576
36 240 0.021379579128908
36 299 -0.032631062220357
36 198 0.071997879159590
36 182 0.007082711210199
36 413 -0.194278326226423
36 440 -0.275095609919338
36 458 -0.070999774683641
36 474 0.092279297871781
37 37 0.631462908256011
37 296 -0.031879698649811
37 695 -0.006630704146895
37 3 -0.057543405819837
37 697 -0.106161810039647
37 55 -0.014742707475375
37 445 -0.009721697516841
37 453 -0.001103500650773
37 584 -0.043172625971296
37 204 -0.061467472856686
37 239 -0.056958750592800
37 708 -0.050817985252128
37 19 -0.049944442382929
37 617 -0.095195834174236
37 392 -0.065414823889569
37 437 0.010379368144320
37 405 0.033943104907333
38 38 0.602882934978304
38 260 -0.035636124204771
38 428 -0.136622974834589
38 577 -0.110631921296230
38 568 -0.053857470105349
38 326 -0.110110933885310
38 619 -0.008405551982914
38 567 -0.050633632815693
38 436 0.036860448728041
38 227 -0.004896265123112
38 516 -0.079498070215141
38 13 0.026165609898169
38 640 -0.077190183023830
38 20 0.015799764881558
38 42 0.024107375715560
38 266 -0.038333006714694
39 39 0.582545770168848
39 16 -0.057274143552117
39 138 -0.021686394271651
39 461 -0.061796799357477
39 74 -0.013939791794240
39 160 -0.049303009909028
39 549 0.003415217045498
39 95 0.072928466348485
39 397 -0.020603587792735
39 511 -0.003530113429631
39 563 -0.116091022717017
39 402 -0.113064755365265
39 614 -0.077816942173237
40 40 0.811468587653923
40 167 -0.076696781020620
40 174 -0.074945799887738
40 464 -0.086969520908383
40 153 -0.077314961942577
40 251 -0.048114513869598
40 446 -0.027711249023334
40 35 -0.036076842520266
40 16 0.092970773575515
40 486 -0.357759382792571
40 277 -0.071151763303669
40 268 -0.100544589969953
40 410 -0.062833661670312
40 159 0.115679705679582
41 41 0.674223784052734
41 36 -0.028462615908827
41 251 -0.019552411284959
41 10 -0.016008906092217
41 433 -0.044414166317673
41 122 -0.069863298798681
41 529 -0.013087791833637
41 590 -0.068345583142847
41 299 -0.095282435274907
41 323 -0.021945481790786
41 153 -0.009445341290859
41 446 -0.034030422933371
41 301 0.015232132016522
41 489 -0.003803496854348
41 670 -0.143760072958038
42 42 0.647614829710962
42 20 -0.071854591717323
42 119 -0.016001149318317
42 428 -0.091744100423109
42 266 -0.066172723056407
42 272 -0.126322458567634
42 326 -0.027443325923522
42 524 -0.088966343409969
42 129 -0.033205314383813
42 325 -0.016664975225585
42 494 -0.003077739976218
42 170 0.000351080102445
42 38 0.024107375715560
43 43 0.952565179486505
43 439 -0.083752619390618
43 561 0.012522977302276
43 616 -0.208899504459508
43 108 -0.148823448100046
43 161 -0.108094197728731
43 732 0.085648565848099
43 237 -0.032251149140813
43 322 0.007026057780236
43 451 -0.080297192851303
43 165 0.036993322667711
43 258 -0.166724252585065
43 338 0.067734204795576
43 723 -0.198633003631442
43 175 0.013829342353727
43 277 0.046440039751604
43 132 0.014075986765930
43 116 -0.067762028056856
43 335 -0.051231282019028
43 682 -0.151178912864053
43 725 0.060811914075798
44 44 0.575610645079547
44 364 0.012787395399933
44 432 -0.072777333268925
44 504 -0.068666630017688
44 51 -0.015328676419037
44 259 -0.031920605635965
44 553 -0.077816450889714
44 618 -0.007429681440031
44 653 -0.085649252626350
44 654 -0.078420569053186
44 688 -0.118164308900387
44 694 0.014035014003802
44 197 -0.037434833328916
44 74 -0.008824712903081
45 45 0.639955184744901
45 363 -0.058426063303645
45 242 -0.120448670372598
45 320 -0.033875242117423
45 475 -0.015824455776315
45 34 -0.059105400350067
45 191 0.017861367886639
45 60 0.013660825751317
45 87 -0.048969541845330
45 22 -0.005393829585372
45 206 -0.003939261342793
45 94 0.002574301715911
45 562 -0.021547557478738
45 604 -0.066484954825217
45 503 -0.007349340818976
45 551 -0.105664819653936
46 46 0.402773255289239
46 190 -0.013261881606872
46 238 -0.023101071628203
46 438 -0.073326525759204
46 321 -0.022601104655993
46 488 -0.036150370066676
46 570 -0.036675079494742
46 610 -0.043276353431798
46 229 -0.032920182833782
46 292 -0.003074401485900
46 519 -0.009417823376237
46 583 0.002208536242095
46 484 0.020201455246480
46 649 -0.059289641725495
46 609 -0.072088810712909
47 47 0.715622052908643
47 481 -0.166509855086444
47 585 0.013730265840804
47 601 -0.094534969454074
47 15 -0.074080970211546
47 115 -0.031609175096808
47 262 0.015418905012623
47 228 0.021490839885064
47 421 -0.079701870747862
47 429 -0.111117584230562
47 145 0.036357545024528
47 667 -0.025638576120020
47 360 -0.144492516447054
47 519 0.034190587542158
47 462 -0.052505471066644
47 643 -0.039241402073465
47 255 0.030263626361973
47 126 0.064487690894723
47 650 -0.103230949820194
47 647 0.001000578668962
47 703 0.017480521790976
48 48 0.762215720156227
48 91 0.014984791183036
48 256 -0.064736957500379
48 456 -0.067279636430203
48 107 -0.026440872956959
48 506 -0.097547568927380
48 575 -0.180504355077769
48 346 -0.206442064227355
48 432 -0.072732310374190
48 4 0.029145028065299
48 197 -0.106723831373899
48 659 -0.042632309919569
48 65 0.006051005348573
48 526 -0.016334589796720
48 250 -0.017178115934967
48 331 -0.015914047931470
48 447 0.102070115697727
49 49 0.729543756803731
49 144 -0.060644615527179
49 198 -0.048588712675763
49 474 -0.019117188628621
49 141 -0.109056659577776
49 154 -0.103650090837938
49 203 0.012963378716940
49 231 -0.157033710989770
49 125 -0.027583191915882
49 271 -0.081183912182748
49 81 -0.055101625614631
49 135 0.019238764622907
49 448 -0.095085788556971
49 611 -0.009115322831175
49 623 0.004414919194878
50 50 0.705367204562886
50 32 -0.062702031150310
50 106 0.023360996015436
50 122 -0.065725371653067
50 226 -0.112286118091615
50 301 -0.000312646809789
50 473 -0.188590420718282
50 590 -0.047282232330486
50 264 -0.180450910975927
50 313 -0.079669601059414
50 278 -0.016472364597492
50 529 -0.020366641498798
50 663 0.015229140629588
51 51 0.664078008120859
51 91 -0.028701894413212
51 364 -0.145571468407492
51 432 -0.005907611490727
51 44 -0.015328676419037
51 294 -0.028053555047668
51 639 0.013051014094288
51 666 -0.008860957540032
51 593 -0.077185351463429
51 147 -0.015718815492876
51 591 -0.118427135767034
51 279 -0.065887675332712
51 599 -0.155800731935822
51 688 -0.042453294194872
51 553 0.004900422686621
51 74 -0.046416721280887
51 549 0.062465760923690
51 713 0.009818682960339
52 52 0.551527468281931
52 105 0.035681456227585
52 417 -0.104786378566393
52 404 -0.135010333932746
52 17 0.002718576493110
52 327 -0.068818883584059
52 434 -0.089902846199402
52 111 0.011991696896129
52 435 -0.066389808594101
53 53 0.648583013737459
53 566 0.071657477083581
53 714 -0.044919181608007
53 738 -0.189309288744289
53 173 0.045906277136681
53 740 -0.113469967607009
53 724 -0.084591053843907
53 736 -0.063245342547402
53 24 0.016584993464545
53 737 -0.037762114570370
53 733 -0.094605117576843
53 742 0.044470190073465
54 54 0.791417533108515
54 465 -0.212115234313267
54 149 0.052365928134237
54 328 -0.105744397472326
54 487 -0.199178009373577
54 172 -0.002120737486132
54 230 0.025931081008611
54 513 -0.062634081423930
54 33 0.010313551670948
54 347 -0.130446719837648
54 367 -0.162556475654954
54 339 -0.120762557349528
55 55 0.904210839491328
55 445 -0.129568933174835
55 453 -0.164855855984530
55 514 -0.103967737330001
55 37 -0.014742707475375
55 121 -0.100416106583065
55 137 0.010579699726796
55 186 -0.016293228374321
55 99 0.047862524266940
55 204 -0.156830900344626
55 400 0.061868437056677
55 354 0.056480419353168
55 392 0.017788146250001
55 405 -0.138991012350937
55 100 0.024690460264760
55 29 -0.005334904298257
55 369 -0.292479140493725
56 56 0.867388549513730
56 18 -0.110497471552563
56 66 0.022307004396042
56 76 -0.143713340222588
56 125 -0.122361734046993
56 269 -0.157989451856167
56 351 0.092055523641672
56 657 -0.176066473194641
56 628 -0.053513673024605
56 622 -0.165847762742282
56 8 -0.002331010223763
56 656 -0.017768805351341
56 680 0.021983564795576
57 57 0.650873403289665
57 240 0.001233181647319
57 283 -0.094532184702846
57 413 -0.073301026731470
57 98 -0.002426452882389
57 434 -0.112533980014330
57 623 -0.072805633510672
57 327 0.024378523102306
57 333 -0.088805213224884
57 144 0.084985340483238
57 440 -0.114232789664884
57 521 -0.070881891313499
57 105 0.014185436664531
57 387 0.029406134482320
57 458 -0.049372216514746
57 522 -0.111339776298254
57 538 -0.014830854811403
58 58 0.842229778392137
58 341 -0.295644422227763
58 18 0.002973084056620
58 66 0.014303644592619
58 344 -0.097281105966499
58 113 -0.078909092538757
58 210 -0.066182066273289
58 303 -0.006050957519206
58 155 -0.019727273026947
58 306 -0.067954239806729
58 657 -0.234691825021761
58 680 -0.084388732457408
58 658 -0.007405105164683
58 544 0.073334659438657
59 59 0.668036242192360
59 182 -0.052486345873090
59 184 -0.015358286299749
59 574 -0.112154091531772
59 101 -0.056145057718762
59 396 -0.095902954130829
59 20 -0.045755108135672
59 119 0.027332374222218
59 524 -0.132934660051227
59 530 -0.033619986854367
59 510 -0.113302288508293
59 606 0.018554946981032
60 60 0.819762611923687
60 236 -0.084776551267160
60 354 -0.056555340090934
60 449 -0.136638827032054
60 96 0.021063291733053
60 121 -0.083425195994242
60 171 0.019111592283495
60 353 -0.116159698924926
60 45 0.013660825751317
60 87 -0.091130525739598
60 604 -0.212474022151924
60 285 -0.006771382526355
60 363 -0.093613330806269
61 61 0.896558168069740
61 709 0.066457413227721
61 710 -0.110660852946383
61 716 -0.162217783646960
61 172 0.035471922438017
61 715 -0.026842367489508
61 230 -0.038261880009477
61 328 -0.186365380923857
61 487 -0.005671911593929
61 676 -0.129847783366683
61 331 0.035997628046286
61 460 -0.071068290826333
61 506 -0.120183827007954
61 67 -0.110979195226469
61 355 -0.062806455080997
61 727 -0.023420694284676
61 149 0.011263134736259
61 542 0.042993312439017
61 196 -0.001784758020531
61 678 0.088508343712791
61 4 -0.127138742246075
62 62 0.799137740179063
62 199 -0.032494081258412
62 625 0.019790080182277
62 635 -0.097469558073000
62 636 -0.099911576382226
62 645 -0.288709056565803
62 668 0.007438080072458
62 153 -0.003155546240043
62 691 0.118442032341187
62 168 -0.040564938318074
62 177 -0.104223600976580
62 268 -0.088588354815299
62 633 0.008870628219110
62 644 -0.091568840544415
62 159 -0.073624426130344
62 373 -0.033368581689899
63 63 0.545591827293454
63 11 -0.034296356904877
63 120 -0.044697482453686
63 180 0.004644904654268
63 286 -0.033713073036066
63 314 -0.069965371060071
63 485 -0.131046693916869
63 200 -0.079238339818250
63 490 -0.066981041817752
64 64 0.745525888890949
64 18 0.000538434089807
64 66 -0.004986750909292
64 76 -0.088202330809042
64 144 -0.055783111875096
64 333 -0.112055772208692
64 455 0.074201342505839
64 257 -0.133288032478667
64 261 -0.020417291945866
64 443 0.035559119030457
64 521 -0.057158930568158
64 624 -0.125800686855415
64 440 -0.035514181893301
64 83 -0.003887480858865
64 384 0.024353845272517
64 184 -0.059299889648301
64 574 -0.071170758222752
64 606 -0.049750571823645
64 281 -0.024595268477938
64 182 -0.038267571214540
65 65 0.611536250196427
65 48 0.006051005348573
65 526 -0.042893434357689
65 575 -0.070475858074147
65 214 -0.031464639083873
65 293 -0.109818241393157
65 359 -0.123411204293113
65 456 -0.123985893165919
65 346 -0.147279937126009
65 91 0.062976564285478
65 447 -0.035953319266561
66 66 0.815216151145681
66 18 -0.154606201508606
66 58 0.014303644592619
66 344 0.000670233722769
66 341 -0.137293996010301
66 64 -0.004986750909292
66 76 -0.043846943881551
66 56 0.022307004396042
66 90 -0.057269657734647
66 83 0.074330502483599
66 257 -0.211583226491060
66 606 -0.121468238164846
66 657 -0.048185230676832
66 544 -0.017575506232915
66 655 -0.013390125293596
67 67 0.873473521388838
67 85 -0.107672778291720
67 196 -0.000652364177555
67 678 -0.256324808934118
67 61 -0.110979195226469
67 355 -0.054235913128140
67 727 -0.041002913633258
67 168 0.081646143529450
67 653 -0.075456347529978
67 4 0.071949964591060
67 197 -0.090063059089227
67 259 -0.108696560516491
67 331 -0.087247046766590
67 506 0.012172635569560
67 734 -0.148919124360600
67 93 0.023333138074453
68 68 0.801210570869916
68 474 -0.116790181069270
68 611 -0.382674001301125
68 623 0.055633703258761
68 98 -0.032726380493850
68 319 -0.122400179275961
68 448 -0.079602512318921
68 638 -0.137966608528449
68 588 -0.071373873865272
68 231 0.098134923814473
68 665 0.038714784473225
69 69 0.598225577780804
69 86 0.020970159238663
69 295 -0.104561237749378
69 684 -0.067977009287973
69 499 -0.039665847480625
69 457 -0.138672762403819
69 463 -0.007121939439598
69 32 -0.065245051109811
69 106 0.011454229381418
69 356 -0.033512268970160
69 313 -0.032610785855345
69 118 -0.020159765080119
69 637 0.008813810768205
70 70 0.666179856806064
70 155 0.040372837733702
70 352 -0.152847676472150
70 454 -0.029837398507641
70 227 -0.079500249776076
70 260 -0.058121424292095
70 189 -0.037528766241140
70 218 -0.007364623691663
70 540 -0.020976388186318
70 414 0.020643342494352
70 436 -0.144651650472042
70 515 -0.039027898050066
70 173 -0.037851878692823
70 211 0.028284892975098
70 192 -0.062892057386750
70 508 -0.010076972730771
70 640 -0.036369990450296
70 712 -0.038433955059387
71 71 0.604664666967286
71 309 -0.133177609383367
71 637 0.010433968329993
71 663 -0.052170437928896
71 118 -0.037962055154911
71 636 -0.114933198023540
71 645 0.023832515721567
71 671 -0.085597191716932
71 302 -0.023126280168968
71 635 -0.021045035258001
71 124 0.036752673067142
71 684 -0.085443045623079
71 368 -0.108363014015486
71 441 0.003740954238766
71 582 -0.066237062589870
71 86 0.048630151538296
72 72 0.753890487011491
72 96 0.016619702640072
72 154 -0.106132898375979
72 311 -0.149974017926473
72 202 -0.106206942817680
72 267 0.023912684938912
72 302 -0.130024453915676
72 633 0.032994736831579
72 121 -0.066763963950119
72 133 -0.070213707223141
72 186 -0.053885524911593
72 203 -0.072029646993345
72 212 -0.039088520462037
72 405 -0.017475539358266
72 582 -0.015622395487745
73 73 0.911497551623706
73 171 -0.146021238239774
73 179 -0.239828211136549
73 236 -0.213331826623042
73 163 -0.092048259544388
73 398 0.013294593013049
73 92 -0.048215428424844
73 176 -0.120772842088302
73 675 -0.144002996632094
73 354 0.042736424388747
73 381 -0.053233191971389
73 84 0.044906923109095
73 114 0.002013534568934
73 424 -0.068281465542521
73 375 0.111286433499373
74 74 0.636987218809992
74 39 -0.013939791794240
74 160 -0.032385113653945
74 549 -0.128605607360519
74 618 -0.077387214165121
74 654 0.006844268740072
74 16 -0.065289079685633
74 253 -0.046316568980423
74 395 -0.095587492558613
74 553 -0.014426981496887
74 410 0.014815044498505
74 664 0.041740859869851
74 688 -0.124139759742667
74 44 -0.008824712903081
74 614 0.000437765911494
74 51 -0.046416721280887
74 599 0.003174447159380
74 461 -0.019874146215211
74 591 -0.030806415152065
75 75 1.062816946243228
75 4 0.076938960795416
75 92 -0.048597423020694
75 176 -0.214800371583643
75 24 0.039019503709952
75 707 -0.316264276216228
75 735 -0.134788658416089
75 139 -0.007036421451297
75 659 -0.151304491816105
75 300 -0.027834539040589
75 730 -0.106452909633032
75 109 -0.085778370537063
75 179 0.027670245617284
75 424 -0.113076754512160
75 1 0.082315317357394
75 136 -0.055026151528019
75 375 0.034880707152247
75 430 -0.142724480754887
75 629 0.000460342285313
75 587 0.079582825348972
76 76 0.823316300950755
76 261 -0.108864144450714
76 333 0.086358834091682
76 455 -0.189536117166656
76 246 -0.042436459538560
76 342 -0.010282321940799
76 257 -0.023555406957829
76 18 -0.040837914941162
76 64 -0.088202330809042
76 66 -0.043846943881551
76 144 -0.024367678983772
76 56 -0.143713340222588
76 269 -0.013390999504581
76 351 -0.098144989860983
76 125 0.053776826565665
77 77 0.516303447718079
77 501 -0.025283669194520
77 740 -0.042376516597866
77 742 -0.021687545093786
77 498 -0.036977946986835
77 707 0.011086769493167
77 735 -0.050107494019021
77 733 -0.029804983041225
77 737 -0.065245653892752
77 470 -0.011892098102157
77 702 -0.052293588678039
77 705 -0.095289259759229
77 587 -0.009222390206848
77 741 -0.073189576147609
77 316 -0.039220156624362
77 743 0.025200661133003
78 78 0.656243513666075
78 569 -0.101303992288694
78 621 -0.014943314120531
78 622 -0.066871900233255
78 113 -0.062329821648231
78 317 -0.027987649140815
78 500 -0.061711205960723
78 469 -0.016329383556406
78 479 -0.033571574800083
78 657 -0.018697646133750
78 658 -0.108764300442317
79 79 0.777293202529591
79 113 -0.005468903159501
79 241 -0.045629086376622
79 297 -0.075869067625346
79 288 -0.132163943460848
79 1 -0.004158123013878
79 273 -0.170362339276408
79 673 -0.011747075552774
79 282 -0.112811099790438
79 82 0.105350764886882
79 366 -0.025144064994226
79 207 -0.034844863072355
79 303 -0.092728266174955
79 304 -0.012299134646403
79 26 0.031937598471656
79 571 -0.129138019170928
79 502 -0.037922526336318
79 649 -0.071640562871674
79 292 0.047345509634546
80 80 0.727191891397217
80 34 0.004915421703491
80 22 -0.028446044641921
80 103 -0.101018145394754
80 141 -0.047181619977300
80 203 -0.007807432959006
80 212 -0.121154698723080
80 135 -0.023438589198350
80 133 0.000713459375860
80 191 -0.185611548996779
81 81 0.607330581274431
81 125 -0.035929898075722
81 135 -0.067500649530272
81 169 -0.017760254336283
81 30 -0.020488835214742
81 351 -0.095845512688875
81 623 -0.113969797232402
81 49 -0.055101625614631
81 144 0.031237817443472
81 231 -0.032856966270301
81 611 -0.101648365997655
82 82 0.804067493156754
82 15 0.057287960348240
82 262 -0.161008234653602
82 282 -0.223110241409155
82 146 -0.035365433488429
82 273 -0.226666117277084
82 704 0.058385400960597
82 348 0.015020084211868
82 366 -0.104830185316780
82 391 -0.064250181730030
82 115 -0.083681111676982
82 131 -0.032301403506309
82 220 -0.010593170979341
82 79 0.105350764886882
82 571 -0.022110792986676
82 471 0.006479096121732
83 83 0.753672120445387
83 170 -0.068943714572080
83 384 -0.098703893138792
83 281 -0.012021068348998
83 530 0.014232176960583
83 20 -0.020540067619813
83 574 -0.069248669742933
83 64 -0.003887480858865
83 257 -0.254332573571940
83 66 0.074330502483599
83 606 -0.045127635377392
83 655 -0.244026535271420
84 84 0.862420808791823
84 140 -0.048141909153369
84 179 -0.154404875002811
84 304 -0.042430410197237
84 96 -0.011016726761032
84 398 -0.063437039850510
84 471 -0.111591676860373
84 552 -0.178842764648497
84 134 -0.058548957195360
84 551 -0.003107831519440
84 73 0.044906923109095
84 236 -0.153830053363767
84 363 -0.020843044371012
84 604 -0.014999454316617
84 146 0.008535372366332
84 424 -0.001910819019799
84 235 -0.083803590448240
84 110 0.000843936695397
84 500 0.030202111745416
85 85 0.877689213261028
85 93 -0.119202037412404
85 67 -0.107672778291720
85 196 -0.003798860623771
85 678 0.012739598450272
85 100 -0.184644189262309
85 388 0.030903644033149
85 199 -0.028050089661169
85 355 0.035367091187334
85 130 -0.049600844863216
85 29 -0.067055878412769
85 644 -0.123655062236016
85 734 -0.161590583647468
85 168 -0.106170455195588
85 653 0.074418296060725
86 86 0.731771831735935
86 69 0.020970159238663
86 295 -0.261118388602182
86 684 -0.102998494510760
86 368 -0.079263125688987
86 573 -0.021675209677732
86 625 -0.059104285299825
86 32 0.013917851374013
86 356 -0.167627002849991
86 373 -0.045664483165160
86 636 -0.124114580718341
86 71 0.048630151538296
87 87 0.582966669732361
87 34 -0.025004105718145
87 244 -0.113446670400791
87 285 -0.087512088701851
87 45 -0.048969541845330
87 60 -0.091130525739598
87 353 -0.041839224024677
87 320 -0.067395795334869
87 216 -0.001530766261347
87 604 0.020728876619378
88 88 0.481294598755351
88 403 -0.037543402961870
88 408 -0.088990933758045
88 7 -0.067298418830261
88 274 0.013318838138246
88 546 0.014895684443227
88 94 -0.004132840130763
88 476 -0.026322377905001
88 534 -0.082816761972474
88 25 -0.026023501804940
88 409 -0.073802614867191
89 89 0.681176282606537
89 648 -0.117970851062222
89 668 -0.081600741971769
89 670 0.007296845475612
89 124 0.047618698354807
89 579 0.003043506660178
89 638 0.005309659876875
89 665 -0.081198545772931
89 645 -0.019722501637272
89 671 -0.167505945016899
89 433 -0.050462704975678
89 691 -0.058878708652461
89 448 -0.141885980158796
89 154 -0.047706818296834
89 302 0.021636075585352
89 198 -0.022680319765741
89 474 0.023532048751242
90 90 0.587042239030906
90 531 -0.041386498777846
90 544 -0.060382863859406
90 568 -0.050950093819511
90 577 -0.068938071936395
90 66 -0.057269657734647
90 341 -0.032707219181490
90 620 -0.006016861527549
90 606 0.026869846164240
90 619 -0.108696666594250
90 655 -0.095022572263678
91 91 0.767389323853293
91 48 0.014984791183036
91 256 0.012479578367162
91 456 -0.138317017151553
91 346 -0.131747764100616
91 432 -0.160434299254951
91 364 -0.066294574295796
91 547 -0.086687338658441
91 600 -0.014283962175067
91 51 -0.028701894413212
91 720 -0.070883604811461
91 593 0.059900972798204
91 147 -0.005337455255298
91 504 0.020669556981403
91 65 0.062976564285478
91 359 0.003994306418924
91 252 -0.177575580277097
91 713 -0.057000181542389
91 666 -0.040533311571916
92 92 0.857104352352507
92 139 -0.014708512088437
92 168 -0.081611292642921
92 430 -0.105305422727971
92 4 -0.023277673644189
92 678 -0.103729061420116
92 75 -0.048597423020694
92 176 -0.045644025749712
92 196 -0.032704281244773
92 29 -0.013694175175507
92 171 -0.086553471866823
92 311 -0.056142609153845
92 6 0.009387649123344
92 375 -0.242738598410221
92 73 -0.048215428424844
92 675 -0.046750590708929
92 179 0.083180564803131
93 93 0.663482890763051
93 85 -0.119202037412404
93 168 -0.010314742412343
93 618 -0.026081595743318
93 653 -0.061723003932372
93 199 -0.039701307551430
93 259 -0.070283142004600
93 160 -0.069430784199049
93 644 -0.009619885365266
93 177 -0.073976002078426
93 397 -0.001115128895352
93 654 -0.089631207056340
93 67 0.023333138074453
93 734 0.009405936412334
94 94 0.697885480179015
94 7 -0.053383214741642
94 235 0.066840387523208
94 551 -0.164570393764126
94 88 -0.004132840130763
94 403 0.009078287281531
94 534 -0.242208007836709
94 45 0.002574301715911
94 562 -0.128765350716826
94 503 -0.063030577612626
95 95 0.728877224305031
95 224 -0.045605993505818
95 371 -0.140761888775477
95 245 -0.093499967948400
95 386 -0.035307900461480
95 511 -0.062602844482081
95 159 -0.002509632327998
95 563 -0.183735077757230
95 486 -0.025695444261045
95 162 0.009821068502431
95 39 0.072928466348485
95 16 -0.001487216135341
95 138 -0.017114743299157
95 541 -0.141815809177596
95 402 -0.109644991199155
96 96 1.037896536608774
96 72 0.016619702640072
96 154 -0.033426357715023
96 311 -0.072181663837359
96 60 0.021063291733053
96 121 -0.070581635003994
96 171 -0.116155219059609
96 84 -0.011016726761032
96 140 -0.058842845155370
96 179 -0.219345654881120
96 109 0.095941520767471
96 375 -0.151023359654899
96 271 -0.140989217880369
96 604 -0.162368114754143
96 236 0.004133903897431
96 212 -0.139726544403645
96 6 0.025299926461294
96 141 -0.130848029364652
96 22 0.027304378317883
96 656 0.071947530886607
96 235 0.006298577158629
97 97 0.499127736066555
97 183 -0.038353618425563
97 406 0.024745401248460
97 426 -0.054666714304142
97 307 -0.055010075700595
97 31 -0.006872540919661
97 517 -0.081919376913344
97 532 -0.099253678012971
97 158 0.003619494259051
97 687 -0.055750723322854
97 693 -0.060800043002958
97 558 0.004204180361384
98 98 0.677433518029751
98 105 0.008005035798066
98 233 -0.034894643288292
98 57 -0.002426452882389
98 434 -0.116353348437435
98 623 -0.138012398595470
98 68 -0.032726380493850
98 319 -0.030781367816570
98 474 -0.015600666726793
98 283 -0.204842433553297
98 413 0.051202304211625
98 611 -0.052044328001956
98 30 -0.005521552619705
99 99 0.811575534165587
99 353 -0.025153726433013
99 514 -0.211477819817750
99 55 0.047862524266940
99 453 -0.107917606009927
99 201 0.013895972925944
99 205 0.026785519971110
99 142 0.010205730762972
99 12 -0.016556064374358
99 28 -0.020598282658910
99 369 -0.094589304866143
99 641 -0.008196480104947
99 354 -0.104045408995383
99 560 -0.139616433572056
99 449 0.087333883462343
100 100 0.902890537596604
100 85 -0.184644189262309
100 388 -0.174388313698340
100 204 -0.126160033142723
100 196 -0.026939359878257
100 355 -0.068207066605171
100 615 -0.076186236199735
100 369 -0.055981774905813
100 651 0.037354365770545
100 564 0.013135273979944
100 29 -0.176803524884681
100 130 0.086087802992995
100 55 0.024690460264760
100 405 0.026028057075519
100 512 -0.110795942838540
100 734 -0.004462096884488
101 101 0.663608299482039
101 59 -0.056145057718762
101 396 0.018301745372139
101 35 -0.044921386571280
101 36 -0.145683798230918
101 184 -0.071248001665196
101 182 -0.094371763753597
101 510 -0.055538436751441
101 374 -0.125816414925492
101 251 -0.043725186980403
101 440 0.069231746359032
102 102 0.653477514249523
102 325 -0.133698369608151
102 362 -0.028172503201938
102 129 0.054868197238926
102 178 -0.173383119103034
102 349 -0.034579636660250
102 13 0.029584537736850
102 222 -0.114642417730715
102 263 0.006149949475266
102 365 0.042162901637997
103 103 0.795577635880632
103 14 -0.205706089163794
103 151 0.031109264619743
103 181 -0.236299989105908
103 578 0.014455080765940
103 125 -0.027832951325239
103 135 -0.087134212060346
103 141 -0.038734218927660
103 80 -0.101018145394754
103 22 -0.084721959271678
103 206 0.120895267449638
103 191 -0.030787079190856
103 8 -0.078109798783467
103 215 0.095417161785111
103 169 -0.009353130699420
104 104 0.807764347566861
104 290 -0.099865751352839
104 432 -0.072691923218083
104 593 0.020325627675991
104 208 -0.132894351440034
104 725 -0.077923567180147
104 731 -0.062127416154243
104 717 0.026231822177987
104 123 -0.048071082944389
104 256 -0.159604532087335
104 659 -0.153842072641090
